53
29
27
59
36
82
23
27
1
37
62
32
31
66
21
7
79
30
1
23
12
44
9
52
47
45
76
30
72
46
5
50
55
43
11
34
57
48
3
18
65
82
25
28
72
30
39
10
12
72
75
49
27
38
22
9
29
73
44
15
23
16
42
33
69
65
61
79
50
51
32
22
52
82
57
30
73
73
53
45
74
10
34
16
55
78
44
11
78
62
24
62
35
15
30
20
32
82
25
1
70
67
30
73
45
50
47
20
77
58
24
60
53
68
27
56
38
28
17
45
64
81
20
77
26
28
67
66
69
38
27
38
72
81
28
81
35
59
44
79
66
41
47
48
28
3
4
41
27
19
31
55
28
69
13
61
18
66
69
64
21
51
3
11
24
52
82
78
26
54
78
24
1
24
67
23
39
47
50
46
42
73
45
9
4
53
14
10
3
14
41
72
40
49
56
78
41
83
15
77
31
35
16
46
9
75
62
24
27
46
73
31
36
50
33
39
39
46
82
47
8
11
39
66
20
52
44
47
36
9
30
62
78
50
30
59
60
24
73
4
48
29
55
34
27
53
7
62
2
34
53
76
75
5
14
61
36
66
25
79
44
71
71
17
76
22
81
44
12
16
46
18
42
81
24
75
10
31
8
47
5
38
35
33
41
42
6
3
54
62
41
59
63
83
2
81
82
29
60
67
5
12
57
18
67
2
8
40
73
22
46
28
36
81
30
40
48
13
10
59
8
21
74
46
60
9
8
2
70
10
22
12
62
28
68
75
56
19
66
18
42
79
77
18
1
20
74
10
67
50
16
54
3
81
15
74
21
41
23
61
23
50
29
37
10
77
36
17
83
70
12
52
28
69
10
74
25
30
35
21
32
34
67
8
53
48
57
18
53
43
60
49
52
15
10
60
17
11
15
81
30
62
65
79
36
33
49
54
73
58
76
73
29
60
81
76
12
38
12
59
43
58
0
11
9
6
76
39
71
26
82
32
30
2
67
79
77
2
13
10
54
21
53
78
18
43
83
23
28
46
25
23
73
61
53
47
82
71
83
25
11
64
11
66
8
74
45
70
24
37
1
56
43
64
64
78
77
37
56
35
73
52
12
57
45
9
66
47
75
59
28
59
16
50
78
53
67
63
11
74
